0.396016 0.048386 0.424641 0.021677 0.042696 0.120738 0.004166 0.159764 0.049729 0.068165 0.261681 0.459998 0.021849 0.559591 0.127477 0.020356 0.011979 0.021519 0.007283 0.044886 0.014512 0.004430 0.030328 0.011205 0.037370 0.080195 0.005766 0.012985 0.068955 0.018848 0.010352 0.010062 0.001253 0.005530 0.003121 0.001880 0.002038 0.003834 0.002422 0.002806 0.001264 0.000279 0.001236 0.000903 0.000776 0.000117 0.000344 0.000342 0.000283 0.000361 0.000107 0.000220 0.000054 0.000085 0.000224 0.000180 0.000099 0.000186 0.000049 0.000164 0.000048 0.000142 0.000091 0.000051 
0.009238 0.000777 0.008230 0.000338 0.000660 0.001875 0.000063 0.002429 0.000754 0.001034 0.003974 0.007154 0.000333 0.008912 0.001964 0.000311 0.000184 0.000332 0.000113 0.000715 0.000229 0.000070 0.000511 0.000192 0.000728 0.002060 0.000109 0.000265 0.004373 0.001135 0.000920 0.001372 0.000039 0.000945 0.000257 0.000108 0.000126 0.000759 0.000196 0.000425 0.000081 0.000011 0.000111 0.000189 0.000153 0.000006 0.000029 0.000029 0.000023 0.000039 0.000007 0.000028 0.000003 0.000006 0.000055 0.000034 0.000010 0.000043 0.000004 0.000044 0.000004 0.000034 0.000014 0.000005 
0.167820 0.017310 0.164607 0.007782 0.015352 0.043277 0.001516 0.057890 0.018245 0.024992 0.096110 0.175102 0.008136 0.218719 0.048228 0.007645 0.004510 0.008175 0.002780 0.017603 0.005638 0.001730 0.012419 0.004627 0.016867 0.043261 0.002518 0.005955 0.059206 0.014505 0.009052 0.010276 0.000690 0.005922 0.002544 0.001323 0.001479 0.004237 0.001948 0.002810 0.000921 0.000165 0.001015 0.000967 0.000812 0.000076 0.000271 0.000269 0.000218 0.000307 0.000077 0.000196 0.000037 0.000063 0.000243 0.000180 0.000081 0.000198 0.000036 0.000182 0.000036 0.000152 0.000084 0.000041 
0.257596 0.032769 0.272457 0.014996 0.029651 0.082752 0.002970 0.112437 0.035831 0.049040 0.187881 0.344561 0.016066 0.431110 0.095348 0.015120 0.008925 0.016187 0.005505 0.034851 0.011165 0.003424 0.024454 0.009088 0.032468 0.078613 0.004875 0.011374 0.085243 0.021905 0.012652 0.013050 0.001220 0.007272 0.003685 0.002076 0.002283 0.005089 0.002840 0.003593 0.001416 0.000281 0.001460 0.001181 0.001005 0.000123 0.000398 0.000396 0.000324 0.000431 0.000119 0.000267 0.000059 0.000096 0.000293 0.000229 0.000116 0.000242 0.000055 0.000217 0.000054 0.000185 0.000112 0.000059 
0.296123 0.052291 0.340759 0.024477 0.048434 0.132818 0.004944 0.183858 0.059703 0.081586 0.308933 0.568953 0.026980 0.709909 0.160241 0.025445 0.015031 0.027290 0.009289 0.058838 0.018850 0.005780 0.041131 0.015258 0.053464 0.121179 0.008091 0.018637 0.103516 0.028807 0.015676 0.014912 0.001880 0.008151 0.004765 0.002883 0.003125 0.005626 0.003701 0.004191 0.001938 0.000422 0.001888 0.001338 0.001154 0.000178 0.000527 0.000524 0.000433 0.000550 0.000165 0.000334 0.000083 0.000130 0.000332 0.000270 0.000151 0.000277 0.000076 0.000243 0.000074 0.000212 0.000138 0.000078 
0.006620 0.000574 0.005990 0.000253 0.000496 0.001407 0.000048 0.001853 0.000581 0.000796 0.003064 0.005576 0.000259 0.006969 0.001540 0.000244 0.000144 0.000263 0.000090 0.000574 0.000184 0.000057 0.000419 0.000159 0.000620 0.001810 0.000093 0.000230 0.004210 0.001136 0.000971 0.001507 0.000038 0.001077 0.000276 0.000112 0.000132 0.000884 0.000211 0.000486 0.000086 0.000011 0.000122 0.000228 0.000183 0.000006 0.000033 0.000032 0.000025 0.000044 0.000008 0.000033 0.000004 0.000007 0.000068 0.000041 0.000011 0.000054 0.000004 0.000056 0.000004 0.000042 0.000017 0.000006 
0.229901 0.034370 0.251637 0.016090 0.031838 0.087280 0.003274 0.120818 0.039518 0.053932 0.203067 0.373819 0.018014 0.466407 0.106870 0.017059 0.010102 0.018391 0.006290 0.040146 0.012854 0.003960 0.028710 0.010725 0.039172 0.097606 0.005853 0.013795 0.107092 0.027635 0.015895 0.016221 0.001521 0.009004 0.004643 0.002620 0.002882 0.006282 0.003580 0.004476 0.001788 0.000353 0.001839 0.001463 0.001249 0.000155 0.000502 0.000499 0.000409 0.000543 0.000150 0.000336 0.000075 0.000121 0.000363 0.000285 0.000146 0.000300 0.000070 0.000268 0.000069 0.000230 0.000141 0.000074 
0.010202 0.000904 0.009326 0.000401 0.000788 0.002233 0.000077 0.002960 0.000933 0.001277 0.004909 0.008964 0.000418 0.011211 0.002485 0.000395 0.000234 0.000425 0.000146 0.000932 0.000299 0.000093 0.000684 0.000261 0.001015 0.002968 0.000153 0.000377 0.006844 0.001829 0.001534 0.002339 0.000061 0.001639 0.000433 0.000177 0.000209 0.001328 0.000330 0.000738 0.000135 0.000017 0.000189 0.000334 0.000269 0.000010 0.000050 0.000050 0.000039 0.000067 0.000012 0.000049 0.000006 0.000011 0.000098 0.000060 0.000017 0.000077 0.000006 0.000079 0.000006 0.000060 0.000024 0.000008 
0.031717 0.003554 0.031260 0.001663 0.003289 0.009016 0.000347 0.012470 0.004155 0.005646 0.020964 0.038567 0.001949 0.048126 0.011371 0.001869 0.001119 0.002046 0.000717 0.004585 0.001490 0.000473 0.003528 0.001378 0.005504 0.016608 0.000844 0.002100 0.039952 0.010528 0.008428 0.012112 0.000357 0.007957 0.002340 0.000997 0.001164 0.006162 0.001781 0.003582 0.000745 0.000100 0.000992 0.001459 0.001189 0.000054 0.000261 0.000259 0.000205 0.000334 0.000065 0.000233 0.000030 0.000057 0.000395 0.000259 0.000085 0.000315 0.000033 0.000310 0.000033 0.000243 0.000110 0.000042 
0.012465 0.001274 0.011939 0.000587 0.001162 0.003219 0.000121 0.004412 0.001450 0.001974 0.007410 0.013650 0.000675 0.017066 0.003958 0.000647 0.000387 0.000707 0.000248 0.001584 0.000514 0.000163 0.001220 0.000479 0.001920 0.005857 0.000297 0.000742 0.015313 0.004317 0.003802 0.005955 0.000139 0.004245 0.001088 0.000435 0.000515 0.003464 0.000831 0.001915 0.000336 0.000041 0.000482 0.000877 0.000706 0.000024 0.000129 0.000128 0.000100 0.000174 0.000031 0.000128 0.000014 0.000028 0.000256 0.000157 0.000045 0.000202 0.000016 0.000207 0.000016 0.000157 0.000064 0.000022 
0.097765 0.019261 0.109154 0.009751 0.019073 0.048324 0.002216 0.069186 0.025598 0.034257 0.114091 0.197726 0.012627 0.236079 0.070051 0.012263 0.007432 0.013571 0.004846 0.030658 0.010106 0.003244 0.024223 0.009534 0.038059 0.113032 0.005791 0.014330 0.201575 0.049032 0.031118 0.034695 0.002061 0.019678 0.008731 0.004434 0.004993 0.013905 0.006679 0.009489 0.003115 0.000519 0.003487 0.003196 0.002701 0.000248 0.000930 0.000923 0.000747 0.001055 0.000260 0.000671 0.000126 0.000215 0.000797 0.000605 0.000277 0.000654 0.000123 0.000593 0.000123 0.000500 0.000288 0.000139 
0.030384 0.003508 0.030153 0.001653 0.003269 0.008908 0.000349 0.012372 0.004162 0.005647 0.020801 0.038209 0.001966 0.047611 0.011410 0.001890 0.001135 0.002074 0.000730 0.004659 0.001519 0.000484 0.003615 0.001421 0.005697 0.017316 0.000878 0.002191 0.042799 0.011395 0.009223 0.013353 0.000382 0.008812 0.002566 0.001086 0.001270 0.006839 0.001954 0.003965 0.000814 0.000108 0.001092 0.001622 0.001321 0.000059 0.000287 0.000285 0.000225 0.000369 0.000072 0.000258 0.000033 0.000063 0.000440 0.000288 0.000094 0.000351 0.000036 0.000345 0.000036 0.000270 0.000122 0.000046 
0.018600 0.002177 0.018454 0.001035 0.002045 0.005531 0.000222 0.007714 0.002631 0.003561 0.012965 0.023759 0.001259 0.029552 0.007225 0.001216 0.000733 0.001340 0.000477 0.003022 0.000994 0.000321 0.002390 0.000955 0.003864 0.011955 0.000608 0.001525 0.032548 0.009231 0.008045 0.012373 0.000296 0.008599 0.002285 0.000924 0.001092 0.006883 0.001744 0.003867 0.000709 0.000088 0.001001 0.001691 0.001368 0.000051 0.000266 0.000263 0.000207 0.000353 0.000065 0.000255 0.000030 0.000058 0.000476 0.000301 0.000090 0.000378 0.000033 0.000379 0.000034 0.000292 0.000124 0.000044 
0.064568 0.015716 0.073500 0.008411 0.016188 0.038485 0.002070 0.055587 0.022596 0.029717 0.089029 0.145377 0.011802 0.168213 0.060492 0.011631 0.007191 0.013039 0.004836 0.029527 0.010106 0.003363 0.024778 0.010205 0.041547 0.129738 0.006608 0.016571 0.298736 0.072913 0.048359 0.055262 0.002779 0.031453 0.013445 0.006574 0.007470 0.022244 0.010264 0.015109 0.004678 0.000731 0.005397 0.005110 0.004315 0.000363 0.001431 0.001421 0.001146 0.001649 0.000392 0.001057 0.000188 0.000328 0.001276 0.000965 0.000431 0.001046 0.000188 0.000948 0.000187 0.000800 0.000456 0.000216 
0.027429 0.003881 0.028375 0.001918 0.003766 0.009830 0.000433 0.013932 0.005002 0.006710 0.023265 0.041876 0.002471 0.051475 0.013709 0.002407 0.001467 0.002674 0.000969 0.006054 0.002025 0.000665 0.004927 0.002007 0.008165 0.025534 0.001308 0.003289 0.071654 0.020115 0.016950 0.025008 0.000651 0.016605 0.004748 0.001969 0.002315 0.012887 0.003616 0.007470 0.001492 0.000191 0.002036 0.003049 0.002486 0.000108 0.000537 0.000532 0.000420 0.000693 0.000133 0.000487 0.000061 0.000118 0.000823 0.000542 0.000177 0.000657 0.000067 0.000642 0.000068 0.000506 0.000230 0.000087 
0.008395 0.000941 0.008216 0.000446 0.000881 0.002391 0.000096 0.003328 0.001134 0.001534 0.005595 0.010264 0.000544 0.012779 0.003112 0.000526 0.000318 0.000581 0.000208 0.001311 0.000433 0.000141 0.001047 0.000423 0.001719 0.005371 0.000276 0.000693 0.015716 0.004824 0.004595 0.007583 0.000151 0.005700 0.001360 0.000522 0.000624 0.004794 0.001043 0.002595 0.000414 0.000048 0.000624 0.001269 0.001018 0.000030 0.000169 0.000168 0.000131 0.000236 0.000040 0.000178 0.000018 0.000037 0.000385 0.000231 0.000061 0.000303 0.000021 0.000316 0.000022 0.000237 0.000092 0.000030 
0.030733 0.005884 0.033461 0.003095 0.005980 0.014600 0.000761 0.021011 0.008293 0.010936 0.034257 0.058625 0.004335 0.070005 0.022306 0.004282 0.002661 0.004812 0.001809 0.010885 0.003777 0.001282 0.009315 0.003949 0.016108 0.051019 0.002696 0.006792 0.156946 0.044929 0.037126 0.052547 0.001450 0.033360 0.010309 0.004361 0.005109 0.025107 0.007845 0.015121 0.003278 0.000427 0.004351 0.005790 0.004766 0.000238 0.001144 0.001134 0.000899 0.001441 0.000288 0.000987 0.000133 0.000252 0.001508 0.001038 0.000369 0.001214 0.000144 0.001156 0.000145 0.000931 0.000453 0.000181 
0.005265 0.000633 0.005223 0.000307 0.000604 0.001609 0.000069 0.002261 0.000794 0.001068 0.003792 0.006908 0.000391 0.008562 0.002180 0.000381 0.000232 0.000423 0.000155 0.000959 0.000323 0.000107 0.000790 0.000328 0.001339 0.004230 0.000223 0.000562 0.013459 0.004540 0.004675 0.008101 0.000141 0.006469 0.001446 0.000535 0.000646 0.005641 0.001116 0.002996 0.000436 0.000048 0.000691 0.001587 0.001268 0.000031 0.000192 0.000190 0.000148 0.000276 0.000045 0.000216 0.000020 0.000042 0.000507 0.000295 0.000072 0.000398 0.000024 0.000423 0.000025 0.000313 0.000116 0.000035 
0.005420 0.000691 0.005440 0.000340 0.000667 0.001752 0.000078 0.002476 0.000888 0.001190 0.004142 0.007499 0.000443 0.009260 0.002432 0.000434 0.000266 0.000484 0.000179 0.001097 0.000373 0.000126 0.000917 0.000386 0.001576 0.004992 0.000268 0.000674 0.016344 0.005688 0.005962 0.010415 0.000177 0.008385 0.001861 0.000685 0.000829 0.007334 0.001438 0.003891 0.000561 0.000061 0.000895 0.002067 0.001652 0.000040 0.000249 0.000246 0.000192 0.000359 0.000058 0.000281 0.000026 0.000055 0.000659 0.000384 0.000094 0.000518 0.000032 0.000549 0.000032 0.000407 0.000151 0.000046 
0.018070 0.003981 0.019936 0.002193 0.004169 0.009676 0.000582 0.013987 0.005944 0.007717 0.022339 0.036929 0.003274 0.043394 0.015577 0.003275 0.002082 0.003718 0.001462 0.008332 0.003032 0.001079 0.007524 0.003378 0.013613 0.042891 0.002478 0.006217 0.153463 0.053282 0.050077 0.077527 0.001657 0.052229 0.014346 0.005705 0.006781 0.040439 0.010949 0.023492 0.004431 0.000531 0.006275 0.009491 0.007760 0.000317 0.001662 0.001647 0.001298 0.002172 0.000406 0.001531 0.000186 0.000363 0.002521 0.001690 0.000555 0.002021 0.000208 0.001949 0.000210 0.001552 0.000722 0.000272 
0.018402 0.004630 0.020641 0.002627 0.004938 0.011060 0.000726 0.016004 0.007143 0.009184 0.025115 0.040231 0.004047 0.046536 0.018362 0.004072 0.002616 0.004640 0.001862 0.010330 0.003847 0.001395 0.009546 0.004384 0.017524 0.054755 0.003285 0.008220 0.202657 0.072977 0.068050 0.103062 0.002269 0.067484 0.019345 0.007772 0.009220 0.051278 0.014751 0.030452 0.006005 0.000726 0.008376 0.011863 0.009752 0.000430 0.002211 0.002191 0.001730 0.002851 0.000545 0.001982 0.000250 0.000484 0.003095 0.002123 0.000729 0.002491 0.000277 0.002371 0.000279 0.001910 0.000921 0.000357 
0.005422 0.000832 0.005626 0.000430 0.000834 0.002088 0.000106 0.002989 0.001150 0.001519 0.004934 0.008700 0.000603 0.010589 0.003103 0.000597 0.000374 0.000673 0.000258 0.001520 0.000537 0.000188 0.001332 0.000587 0.002375 0.007514 0.000430 0.001079 0.026639 0.010400 0.011581 0.020782 0.000329 0.017241 0.003734 0.001351 0.001642 0.015256 0.002897 0.008061 0.001124 0.000119 0.001832 0.004336 0.003466 0.000081 0.000515 0.000509 0.000397 0.000748 0.000119 0.000589 0.000053 0.000113 0.001374 0.000805 0.000197 0.001081 0.000065 0.001139 0.000067 0.000847 0.000316 0.000096 
0.009501 0.001812 0.010223 0.000980 0.001873 0.004456 0.000256 0.006428 0.002648 0.003455 0.010404 0.017678 0.001445 0.021097 0.007004 0.001444 0.000917 0.001638 0.000645 0.003674 0.001337 0.000479 0.003318 0.001502 0.006029 0.018946 0.001126 0.002814 0.069304 0.027366 0.029333 0.050664 0.000860 0.038943 0.009043 0.003363 0.004060 0.032606 0.006965 0.017724 0.002731 0.000301 0.004237 0.008361 0.006735 0.000196 0.001155 0.001144 0.000894 0.001609 0.000272 0.001206 0.000123 0.000252 0.002410 0.001499 0.000415 0.001909 0.000145 0.001927 0.000148 0.001479 0.000609 0.000203 
0.012062 0.002780 0.013332 0.001565 0.002949 0.006689 0.000432 0.009677 0.004254 0.005479 0.015320 0.025014 0.002408 0.029253 0.010984 0.002424 0.001561 0.002764 0.001116 0.006146 0.002302 0.000843 0.005709 0.002656 0.010547 0.032781 0.002036 0.005071 0.123592 0.050369 0.052604 0.087743 0.001578 0.063421 0.015757 0.005989 0.007195 0.050888 0.012085 0.028554 0.004787 0.000541 0.007162 0.012312 0.010000 0.000342 0.001923 0.001904 0.001493 0.002598 0.000459 0.001884 0.000208 0.000419 0.003361 0.002189 0.000666 0.002681 0.000240 0.002628 0.000244 0.002065 0.000915 0.000325 
0.012279 0.002888 0.013609 0.001633 0.003072 0.006931 0.000454 0.010028 0.004440 0.005711 0.015834 0.025735 0.002523 0.030026 0.011431 0.002542 0.001639 0.002900 0.001175 0.006442 0.002421 0.000889 0.006003 0.002801 0.011110 0.034476 0.002153 0.005359 0.130388 0.053377 0.055593 0.092348 0.001672 0.066306 0.016605 0.006326 0.007596 0.052966 0.012731 0.029835 0.005049 0.000572 0.007525 0.012751 0.010366 0.000360 0.002017 0.001998 0.001568 0.002717 0.000483 0.001964 0.000219 0.000439 0.003464 0.002267 0.000696 0.002766 0.000252 0.002703 0.000256 0.002129 0.000950 0.000340 
0.008885 0.002021 0.009781 0.001143 0.002149 0.004859 0.000320 0.007029 0.003109 0.003996 0.011126 0.018198 0.001775 0.021319 0.007998 0.001790 0.001159 0.002045 0.000835 0.004532 0.001717 0.000638 0.004256 0.002012 0.007925 0.024441 0.001577 0.003908 0.093527 0.041793 0.046860 0.082205 0.001336 0.063522 0.014674 0.005412 0.006550 0.052898 0.011317 0.028874 0.004427 0.000481 0.006912 0.013344 0.010774 0.000318 0.001885 0.001867 0.001459 0.002620 0.000443 0.001953 0.000200 0.000411 0.003768 0.002383 0.000676 0.002992 0.000236 0.002985 0.000241 0.002312 0.000976 0.000329 
0.008553 0.002153 0.009527 0.001249 0.002324 0.005096 0.000364 0.007374 0.003401 0.004333 0.011507 0.018383 0.001993 0.021297 0.008590 0.002021 0.001323 0.002317 0.000967 0.005092 0.001977 0.000750 0.004887 0.002370 0.009209 0.027973 0.001905 0.004691 0.108785 0.052682 0.060586 0.107072 0.001706 0.082674 0.019118 0.007028 0.008514 0.068415 0.014750 0.037517 0.005765 0.000623 0.009014 0.017036 0.013781 0.000414 0.002457 0.002432 0.001902 0.003403 0.000578 0.002524 0.000261 0.000535 0.004742 0.003035 0.000877 0.003773 0.000308 0.003734 0.000314 0.002911 0.001251 0.000427 
0.009540 0.002823 0.010828 0.001699 0.003111 0.006517 0.000521 0.009418 0.004620 0.005813 0.014351 0.022028 0.002805 0.025039 0.011339 0.002864 0.001901 0.003295 0.001413 0.007153 0.002867 0.001115 0.007051 0.003521 0.013452 0.039959 0.002898 0.007093 0.156766 0.082153 0.093645 0.161427 0.002662 0.117739 0.028855 0.010771 0.013004 0.093615 0.022182 0.052974 0.008730 0.000960 0.013268 0.022268 0.018159 0.000624 0.003570 0.003535 0.002771 0.004825 0.000850 0.003483 0.000385 0.000777 0.005950 0.003961 0.001236 0.004766 0.000446 0.004601 0.000453 0.003662 0.001674 0.000603 
0.001804 0.000277 0.001863 0.000145 0.000280 0.000693 0.000037 0.000994 0.000390 0.000512 0.001636 0.002874 0.000209 0.003495 0.001045 0.000208 0.000132 0.000236 0.000093 0.000529 0.000192 0.000069 0.000476 0.000218 0.000868 0.002722 0.000168 0.000417 0.010118 0.004656 0.005889 0.011281 0.000158 0.010756 0.002152 0.000745 0.000918 0.010415 0.001703 0.005409 0.000656 0.000065 0.001172 0.003609 0.002874 0.000050 0.000354 0.000350 0.000272 0.000550 0.000081 0.000470 0.000036 0.000080 0.001347 0.000735 0.000152 0.001055 0.000047 0.001175 0.000049 0.000845 0.000280 0.000075 
0.001208 0.000174 0.001233 0.000090 0.000174 0.000437 0.000022 0.000625 0.000240 0.000317 0.001035 0.001835 0.000127 0.002242 0.000648 0.000126 0.000080 0.000143 0.000056 0.000322 0.000116 0.000041 0.000287 0.000130 0.000520 0.001635 0.000100 0.000248 0.006036 0.002764 0.003530 0.006802 0.000095 0.006626 0.001316 0.000453 0.000559 0.006529 0.001045 0.003392 0.000403 0.000040 0.000732 0.002394 0.001907 0.000031 0.000226 0.000223 0.000173 0.000356 0.000051 0.000312 0.000023 0.000052 0.000946 0.000506 0.000100 0.000741 0.000031 0.000841 0.000032 0.000598 0.000192 0.000050 
0.007592 0.002753 0.008774 0.001755 0.003126 0.006101 0.000589 0.008772 0.004735 0.005831 0.012901 0.018767 0.003059 0.020842 0.011040 0.003159 0.002158 0.003658 0.001658 0.007726 0.003307 0.001360 0.008008 0.004276 0.015586 0.043621 0.003748 0.008977 0.167018 0.116562 0.146402 0.261872 0.004010 0.192906 0.046743 0.017166 0.020820 0.151386 0.036023 0.086730 0.014102 0.001517 0.021739 0.035403 0.029012 0.001012 0.005859 0.005803 0.004547 0.007913 0.001392 0.005681 0.000630 0.001276 0.009273 0.006316 0.002026 0.007462 0.000732 0.007094 0.000743 0.005723 0.002703 0.000989 
0.004702 0.001099 0.005170 0.000635 0.001182 0.002618 0.000186 0.003788 0.001728 0.002204 0.005954 0.009661 0.001015 0.011291 0.004377 0.001030 0.000677 0.001182 0.000499 0.002592 0.001016 0.000392 0.002506 0.001237 0.004751 0.014305 0.001022 0.002494 0.055885 0.030406 0.039041 0.073983 0.001052 0.065913 0.013690 0.004817 0.005904 0.059546 0.010718 0.031306 0.004134 0.000422 0.006998 0.016864 0.013498 0.000305 0.001996 0.001975 0.001537 0.002926 0.000459 0.002307 0.000205 0.000440 0.005158 0.003093 0.000771 0.004067 0.000255 0.004199 0.000262 0.003170 0.001226 0.000377 
0.006710 0.003072 0.007903 0.002089 0.003598 0.006471 0.000774 0.009216 0.005546 0.006664 0.012974 0.017689 0.003834 0.019112 0.012129 0.004006 0.002823 0.004664 0.002247 0.009513 0.004383 0.001913 0.010378 0.005953 0.020462 0.052772 0.005542 0.012937 0.184441 0.181552 0.247806 0.445844 0.006696 0.305162 0.079621 0.029316 0.035562 0.226133 0.061257 0.138010 0.024049 0.002588 0.036450 0.051579 0.042866 0.001723 0.009737 0.009645 0.007577 0.012850 0.002338 0.008985 0.001061 0.002122 0.013069 0.009372 0.003283 0.010630 0.001216 0.009808 0.001232 0.008131 0.004146 0.001606 
0.002707 0.000713 0.003009 0.000430 0.000785 0.001658 0.000136 0.002398 0.001167 0.001466 0.003696 0.005830 0.000720 0.006733 0.002863 0.000739 0.000498 0.000853 0.000378 0.001831 0.000758 0.000309 0.001848 0.000971 0.003574 0.010302 0.000859 0.002043 0.040315 0.027691 0.040417 0.080168 0.001095 0.082376 0.016272 0.005569 0.006890 0.080696 0.012982 0.041909 0.005013 0.000491 0.009074 0.026081 0.020792 0.000388 0.002730 0.002700 0.002096 0.004172 0.000621 0.003451 0.000277 0.000613 0.008559 0.004959 0.001129 0.006727 0.000360 0.007101 0.000371 0.005280 0.001929 0.000554 
0.003593 0.001804 0.004245 0.001285 0.002154 0.003681 0.000523 0.005209 0.003354 0.003958 0.007185 0.009583 0.002455 0.010286 0.007007 0.002592 0.001888 0.003031 0.001563 0.005959 0.002963 0.001397 0.006805 0.004251 0.013486 0.031945 0.004314 0.009596 0.103125 0.141169 0.245986 0.494622 0.006962 0.498549 0.103474 0.035735 0.044090 0.404918 0.081551 0.227302 0.031424 0.003137 0.053086 0.093879 0.077268 0.002332 0.014760 0.014610 0.011400 0.020618 0.003434 0.015094 0.001542 0.003223 0.024141 0.016821 0.005304 0.019541 0.001858 0.018234 0.001894 0.014962 0.007230 0.002586 
0.000822 0.000155 0.000873 0.000087 0.000163 0.000378 0.000025 0.000546 0.000236 0.000303 0.000877 0.001483 0.000136 0.001770 0.000609 0.000138 0.000090 0.000158 0.000066 0.000347 0.000135 0.000053 0.000334 0.000166 0.000633 0.001905 0.000142 0.000341 0.007438 0.004499 0.006612 0.013210 0.000182 0.014680 0.002889 0.000979 0.001218 0.015607 0.002351 0.008226 0.000921 0.000088 0.001784 0.006815 0.005446 0.000077 0.000594 0.000587 0.000456 0.000973 0.000136 0.000898 0.000061 0.000142 0.002972 0.001555 0.000286 0.002332 0.000085 0.002700 0.000089 0.001903 0.000586 0.000144 
0.002150 0.000650 0.002422 0.000408 0.000731 0.001471 0.000139 0.002122 0.001104 0.001365 0.003199 0.004883 0.000712 0.005559 0.002613 0.000737 0.000508 0.000855 0.000397 0.001797 0.000783 0.000334 0.001881 0.001042 0.003681 0.010141 0.000971 0.002256 0.038919 0.032161 0.050890 0.102281 0.001428 0.115045 0.022587 0.007669 0.009525 0.118044 0.018242 0.061433 0.007088 0.000686 0.013233 0.040571 0.032326 0.000566 0.004092 0.004047 0.003140 0.006351 0.000930 0.005336 0.000415 0.000929 0.013461 0.007780 0.001737 0.010579 0.000547 0.011160 0.000565 0.008304 0.003018 0.000854 
0.002820 0.001336 0.003313 0.000943 0.001588 0.002753 0.000382 0.003907 0.002468 0.002923 0.005446 0.007394 0.001795 0.008002 0.005214 0.001894 0.001378 0.002214 0.001143 0.004366 0.002164 0.001024 0.004971 0.003111 0.009852 0.023537 0.003184 0.007039 0.077926 0.103477 0.185214 0.369368 0.005483 0.441185 0.086812 0.029561 0.036662 0.410453 0.069512 0.216591 0.026855 0.002624 0.047851 0.103222 0.083843 0.002058 0.013813 0.013667 0.010632 0.020065 0.003171 0.015309 0.001418 0.003042 0.027586 0.018350 0.005228 0.022137 0.001764 0.021179 0.001806 0.016996 0.007640 0.002549 
0.000608 0.000115 0.000645 0.000064 0.000121 0.000279 0.000019 0.000403 0.000175 0.000225 0.000648 0.001094 0.000101 0.001306 0.000451 0.000103 0.000068 0.000118 0.000050 0.000259 0.000102 0.000040 0.000250 0.000126 0.000476 0.001426 0.000109 0.000260 0.005577 0.003487 0.005240 0.010508 0.000146 0.012031 0.002382 0.000807 0.001005 0.013066 0.001953 0.006945 0.000770 0.000074 0.001518 0.006132 0.004914 0.000067 0.000521 0.000515 0.000401 0.000866 0.000120 0.000819 0.000054 0.000126 0.002846 0.001468 0.000261 0.002236 0.000077 0.002631 0.000080 0.001841 0.000553 0.000132 
0.001796 0.001020 0.002133 0.000768 0.001245 0.001998 0.000350 0.002803 0.001957 0.002260 0.003766 0.004875 0.001531 0.005180 0.003863 0.001634 0.001238 0.001918 0.001074 0.003601 0.001960 0.001014 0.004317 0.002976 0.008529 0.018265 0.003320 0.006920 0.053644 0.096210 0.195576 0.344095 0.007352 0.584407 0.127868 0.043424 0.054201 0.708930 0.106001 0.369630 0.041818 0.004010 0.079623 0.188335 0.153433 0.003403 0.024093 0.023832 0.018509 0.035934 0.005492 0.027921 0.002452 0.005364 0.049292 0.033499 0.009447 0.039770 0.003125 0.037369 0.003209 0.030478 0.014009 0.004610 
0.001213 0.000432 0.001385 0.000287 0.000499 0.000940 0.000108 0.001349 0.000765 0.000927 0.001976 0.002898 0.000527 0.003247 0.001722 0.000552 0.000393 0.000643 0.000320 0.001305 0.000614 0.000283 0.001436 0.000865 0.002840 0.007256 0.000875 0.001943 0.026429 0.028594 0.051226 0.101522 0.001651 0.137830 0.028589 0.009726 0.012147 0.160158 0.023868 0.086713 0.009555 0.000916 0.019099 0.071443 0.056919 0.000837 0.006449 0.006376 0.004952 0.010455 0.001473 0.009299 0.000659 0.001519 0.026012 0.014575 0.002984 0.020399 0.000907 0.021949 0.000943 0.016131 0.005575 0.001483 
0.000464 0.000105 0.000503 0.000062 0.000114 0.000247 0.000020 0.000358 0.000169 0.000213 0.000561 0.000915 0.000103 0.001075 0.000419 0.000106 0.000072 0.000123 0.000055 0.000263 0.000110 0.000046 0.000267 0.000144 0.000518 0.001480 0.000133 0.000309 0.005789 0.004404 0.007212 0.014504 0.000217 0.018256 0.003746 0.001275 0.001593 0.020999 0.003136 0.011502 0.001267 0.000122 0.002595 0.011582 0.009335 0.000118 0.000953 0.000942 0.000734 0.001620 0.000222 0.001593 0.000101 0.000240 0.005867 0.002984 0.000509 0.004620 0.000147 0.005515 0.000155 0.003839 0.001125 0.000261 
0.000964 0.000338 0.001098 0.000224 0.000390 0.000736 0.000085 0.001057 0.000598 0.000725 0.001552 0.002286 0.000412 0.002567 0.001347 0.000432 0.000309 0.000504 0.000252 0.001021 0.000482 0.000224 0.001125 0.000682 0.002226 0.005671 0.000696 0.001537 0.020666 0.022613 0.041072 0.080910 0.001373 0.113099 0.024119 0.008249 0.010310 0.135286 0.020345 0.074883 0.008253 0.000793 0.016826 0.068349 0.054576 0.000752 0.005911 0.005843 0.004544 0.009762 0.001358 0.008956 0.000610 0.001422 0.026939 0.014715 0.002861 0.021104 0.000856 0.023199 0.000892 0.016829 0.005584 0.001431 
0.000662 0.000182 0.000735 0.000113 0.000203 0.000415 0.000039 0.000600 0.000306 0.000380 0.000915 0.001429 0.000198 0.001646 0.000730 0.000205 0.000142 0.000238 0.000112 0.000499 0.000220 0.000096 0.000526 0.000299 0.001032 0.002816 0.000289 0.000658 0.010801 0.009596 0.016476 0.032960 0.000520 0.043386 0.009059 0.003093 0.003865 0.050837 0.007622 0.028050 0.003093 0.000297 0.006346 0.027721 0.022269 0.000288 0.002306 0.002279 0.001776 0.003888 0.000535 0.003737 0.000241 0.000571 0.012889 0.006699 0.001191 0.010114 0.000349 0.011731 0.000365 0.008269 0.002523 0.000605 
0.000358 0.000076 0.000385 0.000045 0.000082 0.000182 0.000014 0.000263 0.000121 0.000154 0.000416 0.000686 0.000073 0.000810 0.000304 0.000075 0.000051 0.000087 0.000039 0.000187 0.000077 0.000032 0.000188 0.000100 0.000364 0.001050 0.000092 0.000214 0.004117 0.003040 0.004950 0.009957 0.000149 0.012521 0.002576 0.000878 0.001097 0.014447 0.002161 0.007943 0.000876 0.000084 0.001804 0.008247 0.006666 0.000083 0.000673 0.000666 0.000520 0.001153 0.000158 0.001153 0.000072 0.000172 0.004397 0.002215 0.000369 0.003472 0.000106 0.004203 0.000112 0.002911 0.000837 0.000191 
0.001000 0.000517 0.001177 0.000385 0.000628 0.001030 0.000175 0.001452 0.000984 0.001143 0.001985 0.002645 0.000764 0.002848 0.001978 0.000815 0.000618 0.000956 0.000538 0.001802 0.000979 0.000513 0.002153 0.001494 0.004255 0.009252 0.001699 0.003487 0.028491 0.047989 0.098293 0.172281 0.004281 0.295270 0.076770 0.026869 0.033594 0.404395 0.066591 0.247753 0.027776 0.002689 0.057676 0.218065 0.173688 0.002589 0.020184 0.019954 0.015502 0.032719 0.004614 0.028515 0.002066 0.004754 0.068315 0.041264 0.009212 0.054047 0.002833 0.054389 0.002939 0.041927 0.016168 0.004552 
0.000333 0.000076 0.000361 0.000045 0.000083 0.000179 0.000015 0.000259 0.000123 0.000155 0.000405 0.000658 0.000076 0.000773 0.000304 0.000078 0.000053 0.000090 0.000041 0.000193 0.000082 0.000035 0.000197 0.000108 0.000384 0.001088 0.000101 0.000234 0.004249 0.003366 0.005641 0.011318 0.000176 0.014705 0.003086 0.001057 0.001321 0.017310 0.002610 0.009654 0.001069 0.000103 0.002229 0.010516 0.008523 0.000104 0.000854 0.000844 0.000660 0.001473 0.000202 0.001493 0.000092 0.000221 0.005794 0.002908 0.000479 0.004580 0.000137 0.005570 0.000144 0.003852 0.001101 0.000248 
0.000859 0.000407 0.001004 0.000297 0.000490 0.000828 0.000131 0.001172 0.000766 0.000897 0.001629 0.002222 0.000581 0.002416 0.001577 0.000618 0.000464 0.000725 0.000400 0.001385 0.000734 0.000377 0.001632 0.001108 0.003230 0.007256 0.001242 0.002575 0.023325 0.036104 0.072768 0.131323 0.003086 0.217932 0.055341 0.019434 0.024296 0.292917 0.048164 0.179091 0.020265 0.001972 0.042572 0.178483 0.142298 0.001951 0.015499 0.015320 0.011918 0.025656 0.003568 0.023262 0.001602 0.003735 0.063031 0.036194 0.007451 0.049555 0.002245 0.051800 0.002337 0.038843 0.013913 0.003710 
0.000936 0.000602 0.001118 0.000479 0.000750 0.001132 0.000244 0.001572 0.001186 0.001341 0.002057 0.002584 0.000988 0.002717 0.002213 0.001066 0.000839 0.001253 0.000760 0.002244 0.001334 0.000755 0.002807 0.002125 0.005489 0.010676 0.002582 0.005020 0.028671 0.061848 0.132725 0.198393 0.007611 0.368413 0.135442 0.048941 0.061122 0.543297 0.120932 0.441054 0.051981 0.005074 0.109536 0.369662 0.297791 0.004938 0.038217 0.037783 0.029337 0.060917 0.008712 0.050857 0.003896 0.008871 0.098621 0.065881 0.016687 0.079495 0.005249 0.074657 0.005429 0.060948 0.026916 0.008191 
0.000218 0.000045 0.000233 0.000026 0.000048 0.000107 0.000008 0.000155 0.000071 0.000090 0.000246 0.000408 0.000043 0.000483 0.000178 0.000044 0.000029 0.000050 0.000022 0.000108 0.000045 0.000019 0.000109 0.000058 0.000211 0.000609 0.000053 0.000124 0.002386 0.001773 0.002923 0.005872 0.000090 0.007540 0.001578 0.000541 0.000676 0.008854 0.001335 0.004943 0.000548 0.000053 0.001147 0.005539 0.004506 0.000054 0.000448 0.000443 0.000347 0.000779 0.000107 0.000807 0.000049 0.000118 0.003267 0.001622 0.000260 0.002594 0.000074 0.003215 0.000078 0.002212 0.000618 0.000136 
0.000832 0.000553 0.000996 0.000445 0.000692 0.001029 0.000232 0.001425 0.001095 0.001233 0.001853 0.002309 0.000926 0.002421 0.002017 0.001001 0.000794 0.001177 0.000727 0.002085 0.001264 0.000730 0.002632 0.002033 0.005130 0.009760 0.002514 0.004813 0.025632 0.057398 0.123742 0.178804 0.007835 0.332382 0.137728 0.050881 0.063461 0.488231 0.125068 0.442143 0.055100 0.005436 0.117939 0.424645 0.341755 0.005427 0.042546 0.042060 0.032674 0.068572 0.009722 0.057962 0.004352 0.009970 0.112878 0.075703 0.018947 0.091120 0.005917 0.085156 0.006127 0.069832 0.030891 0.009313 
0.000429 0.000141 0.000484 0.000093 0.000163 0.000310 0.000036 0.000446 0.000249 0.000302 0.000660 0.000988 0.000172 0.001118 0.000564 0.000180 0.000129 0.000210 0.000106 0.000425 0.000202 0.000096 0.000470 0.000290 0.000931 0.002362 0.000303 0.000658 0.008643 0.009644 0.018066 0.034976 0.000678 0.051953 0.012160 0.004269 0.005336 0.066056 0.010578 0.039314 0.004503 0.000444 0.009646 0.048072 0.039077 0.000471 0.003887 0.003841 0.003008 0.006754 0.000925 0.006863 0.000422 0.001016 0.025693 0.013080 0.002198 0.020219 0.000631 0.023942 0.000664 0.016733 0.004933 0.001135 
0.000507 0.000287 0.000599 0.000222 0.000353 0.000554 0.000110 0.000776 0.000557 0.000637 0.001042 0.001359 0.000454 0.001453 0.001075 0.000489 0.000382 0.000574 0.000344 0.001043 0.000607 0.000342 0.001289 0.000963 0.002529 0.005125 0.001173 0.002274 0.014871 0.028658 0.060980 0.097139 0.003744 0.176856 0.064576 0.024574 0.030556 0.258355 0.059671 0.205435 0.027657 0.002845 0.061195 0.321331 0.259688 0.003154 0.026031 0.025727 0.020135 0.044959 0.006160 0.043641 0.002795 0.006668 0.128202 0.072477 0.013911 0.100729 0.004082 0.105251 0.004271 0.079052 0.027618 0.007018 
0.000268 0.000081 0.000300 0.000053 0.000093 0.000182 0.000020 0.000262 0.000142 0.000173 0.000392 0.000598 0.000096 0.000683 0.000327 0.000101 0.000072 0.000117 0.000059 0.000239 0.000112 0.000053 0.000262 0.000160 0.000519 0.001337 0.000166 0.000362 0.004969 0.005308 0.009903 0.019204 0.000379 0.028510 0.006798 0.002409 0.003010 0.036486 0.005963 0.022085 0.002583 0.000259 0.005606 0.029565 0.024308 0.000287 0.002395 0.002367 0.001862 0.004237 0.000583 0.004513 0.000269 0.000656 0.018510 0.009196 0.001462 0.014685 0.000415 0.018075 0.000438 0.012463 0.003504 0.000770 
0.000142 0.000036 0.000155 0.000022 0.000040 0.000082 0.000008 0.000119 0.000060 0.000074 0.000183 0.000291 0.000039 0.000339 0.000143 0.000040 0.000028 0.000047 0.000022 0.000097 0.000043 0.000019 0.000103 0.000060 0.000202 0.000548 0.000060 0.000133 0.002102 0.001958 0.003529 0.006948 0.000128 0.009930 0.002300 0.000812 0.001015 0.012485 0.002011 0.007459 0.000870 0.000087 0.001894 0.010193 0.008440 0.000100 0.000833 0.000823 0.000650 0.001489 0.000207 0.001644 0.000096 0.000237 0.007215 0.003535 0.000541 0.005789 0.000152 0.007376 0.000161 0.005050 0.001373 0.000291 
0.000283 0.000125 0.000328 0.000091 0.000150 0.000256 0.000041 0.000364 0.000234 0.000275 0.000511 0.000712 0.000179 0.000783 0.000485 0.000191 0.000144 0.000224 0.000126 0.000425 0.000229 0.000122 0.000504 0.000352 0.000996 0.002222 0.000410 0.000824 0.007266 0.011219 0.023079 0.040463 0.001238 0.069264 0.021466 0.008130 0.010105 0.097262 0.019734 0.069139 0.009238 0.000976 0.020622 0.117657 0.098325 0.001163 0.009740 0.009626 0.007608 0.017454 0.002421 0.018947 0.001122 0.002744 0.076142 0.038241 0.006143 0.060082 0.001741 0.071811 0.001839 0.050061 0.014487 0.003231 
0.000293 0.000172 0.000347 0.000136 0.000213 0.000327 0.000071 0.000457 0.000337 0.000382 0.000608 0.000788 0.000282 0.000841 0.000637 0.000304 0.000242 0.000358 0.000223 0.000638 0.000385 0.000227 0.000801 0.000624 0.001563 0.003057 0.000792 0.001480 0.008653 0.017573 0.037769 0.057640 0.002927 0.106122 0.046894 0.019310 0.023807 0.156212 0.045197 0.139785 0.023008 0.002564 0.052052 0.310616 0.265423 0.003178 0.026640 0.026330 0.020857 0.047963 0.006663 0.051776 0.003084 0.007533 0.188779 0.099023 0.016681 0.147888 0.004753 0.164054 0.005011 0.118830 0.037287 0.008666 
0.000103 0.000031 0.000115 0.000021 0.000036 0.000069 0.000008 0.000100 0.000055 0.000067 0.000150 0.000229 0.000038 0.000261 0.000125 0.000040 0.000029 0.000046 0.000024 0.000093 0.000045 0.000022 0.000104 0.000065 0.000205 0.000518 0.000070 0.000148 0.001909 0.002160 0.004156 0.007890 0.000183 0.012265 0.003234 0.001193 0.001486 0.016285 0.002919 0.010537 0.001341 0.000142 0.002989 0.017233 0.014576 0.000176 0.001476 0.001459 0.001162 0.002690 0.000384 0.003143 0.000182 0.000452 0.014602 0.007120 0.001060 0.011854 0.000297 0.015454 0.000316 0.010568 0.002829 0.000586 
0.000177 0.000087 0.000207 0.000065 0.000106 0.000172 0.000032 0.000243 0.000166 0.000192 0.000336 0.000456 0.000132 0.000497 0.000331 0.000142 0.000110 0.000167 0.000099 0.000307 0.000175 0.000099 0.000375 0.000277 0.000737 0.001551 0.000341 0.000655 0.004813 0.008365 0.017673 0.029191 0.001207 0.052054 0.019609 0.007964 0.009824 0.075274 0.018720 0.060325 0.009511 0.001085 0.021545 0.129308 0.112588 0.001420 0.011840 0.011704 0.009362 0.021701 0.003117 0.025431 0.001475 0.003651 0.113594 0.055761 0.008479 0.090737 0.002382 0.113007 0.002529 0.077790 0.021532 0.004595 
0.000135 0.000051 0.000154 0.000036 0.000060 0.000108 0.000015 0.000154 0.000093 0.000111 0.000223 0.000323 0.000069 0.000361 0.000201 0.000073 0.000054 0.000085 0.000047 0.000166 0.000086 0.000045 0.000192 0.000130 0.000381 0.000890 0.000149 0.000302 0.003073 0.004225 0.008535 0.015418 0.000449 0.025630 0.007716 0.002956 0.003668 0.035465 0.007131 0.024808 0.003416 0.000374 0.007685 0.045349 0.038792 0.000478 0.003994 0.003948 0.003153 0.007305 0.001049 0.008595 0.000498 0.001235 0.039705 0.019373 0.002895 0.032102 0.000812 0.041409 0.000864 0.028323 0.007633 0.001593 
0.000109 0.000054 0.000127 0.000041 0.000065 0.000106 0.000020 0.000150 0.000103 0.000119 0.000206 0.000281 0.000083 0.000306 0.000204 0.000089 0.000070 0.000105 0.000063 0.000191 0.000111 0.000064 0.000235 0.000177 0.000461 0.000958 0.000222 0.000419 0.002959 0.005231 0.011111 0.018089 0.000851 0.032462 0.013170 0.005581 0.006846 0.047172 0.012815 0.039329 0.006858 0.000834 0.015565 0.093112 0.083670 0.001175 0.009608 0.009500 0.007694 0.017820 0.002690 0.022368 0.001305 0.003249 0.108386 0.052900 0.007781 0.088779 0.002185 0.116546 0.002333 0.079696 0.021300 0.004381 
0.000087 0.000037 0.000100 0.000027 0.000045 0.000076 0.000013 0.000108 0.000070 0.000081 0.000153 0.000215 0.000054 0.000238 0.000144 0.000057 0.000044 0.000067 0.000039 0.000127 0.000070 0.000038 0.000152 0.000109 0.000300 0.000659 0.000132 0.000257 0.002163 0.003391 0.007070 0.012113 0.000467 0.021091 0.007528 0.003080 0.003792 0.030104 0.007199 0.023265 0.003723 0.000442 0.008448 0.050784 0.045015 0.000619 0.005061 0.005004 0.004051 0.009384 0.001420 0.011818 0.000692 0.001723 0.057865 0.028320 0.004151 0.047800 0.001168 0.063747 0.001248 0.043678 0.011614 0.002367 
0.000067 0.000025 0.000076 0.000018 0.000030 0.000053 0.000008 0.000076 0.000046 0.000055 0.000109 0.000159 0.000034 0.000178 0.000099 0.000036 0.000027 0.000043 0.000024 0.000082 0.000043 0.000023 0.000096 0.000066 0.000190 0.000439 0.000078 0.000155 0.001507 0.002130 0.004356 0.007736 0.000258 0.013081 0.004269 0.001704 0.002104 0.018348 0.004031 0.013459 0.002035 0.000238 0.004612 0.027722 0.024378 0.000331 0.002709 0.002678 0.002168 0.005021 0.000762 0.006348 0.000373 0.000929 0.031292 0.015361 0.002249 0.026010 0.000634 0.035027 0.000678 0.024069 0.006398 0.001296 
0.000053 0.000021 0.000060 0.000015 0.000025 0.000043 0.000007 0.000062 0.000039 0.000045 0.000088 0.000127 0.000029 0.000141 0.000081 0.000031 0.000024 0.000037 0.000021 0.000070 0.000038 0.000021 0.000083 0.000058 0.000163 0.000367 0.000070 0.000138 0.001233 0.001840 0.003812 0.006624 0.000250 0.011408 0.004002 0.001647 0.002026 0.016193 0.003834 0.012370 0.002006 0.000245 0.004553 0.027321 0.024421 0.000356 0.002862 0.002830 0.002308 0.005325 0.000836 0.006952 0.000415 0.001034 0.034790 0.017244 0.002530 0.029318 0.000717 0.040039 0.000770 0.027680 0.007389 0.001489 
